
grid_lat =

  -34.5000  -34.2500  -34.0000


grid_lon =

  -18.5000  -18.2500  -18.0000

